406 484
300 13639 5611 19079
2337 15289 3859 13305
366 10133 5766 14593
6305 16496 6052 12582
6270 14699 6077 10300
6352 14757 6231 12480
6323 14050 6260 12394
6606 16260 6081 10309
6938 16557 6257 11441
7002 15909 6272 11423
7039 16002 6339 10766
7021 15503 6569 12363
7169 16497 6657 12566
7142 16034 6380 10083
7183 16377 6679 11502
7284 16619 6727 11402
7063 14347 6579 9884
7022 13755 6799 11092
7281 15742 6930 12422
7432 16551 6732 10238
7354 15761 6774 10445
7426 15026 6800 10067
7513 15631 6973 11131
7626 16104 6927 10252
7530 14840 7234 12339
7607 14478 7156 10617
7787 16231 7312 11386
7962 16297 7379 10848
8046 15996 7584 12145
8163 14736 7655 12501
8324 15382 7663 12370
9009 16109 7682 12250
8362 14027 7777 11828
8459 14304 7455 10423
8493 14431 7378 9979
8464 14310 7742 11330
8308 13440 7652 10571
8944 15749 8019 12019
8699 14641 8125 12131
8440 13451 7771 10484
8557 13829 7988 11394
8583 13888 7850 10355
9157 16173 7898 10386
8746 14254 7979 10692
8623 13587 8167 11534
9165 15986 7878 9764
8742 13423 8467 11882
8954 13786 8107 10092
9124 14139 8422 11269
9205 14358 8427 11236
9156 13937 8589 11654
9364 14857 8479 10763
9242 13492 8443 10579
9295 13361 8941 12010
9447 13448 8413 9673
9426 13317 8822 10872
9693 14037 8777 10426
10339 15692 8885 10664
9682 13211 8622 9811
9865 13689 8949 10790
10279 14707 9060 10896
10117 14158 9023 10761
10462 14386 9050 10748
10262 13683 8971 10145
11432 15327 9666 12011
11297 14875 9441 11231
11381 15014 9842 11834
11300 14471 8645 9472
10732 13326 8904 9913
11017 13807 9673 11287
11382 14462 9220 10210
10777 13091 9444 10619
11297 14032 9868 11319
11081 13114 9802 11208
11154 12977 10163 11466
12618 14772 10307 11618
12527 14607 10154 11335
12486 14253 10421 11667
11661 13090 8918 9700
11519 12860 10319 11192
12856 14417 10628 11549
11732 12829 10173 10956
13315 14334 9193 9834
12629 13569 10876 11563
13582 14666 11018 11397
13836 14879 11288 11481
12219 12624 10292 9791
13329 14124 11237 11089
12887 13412 10088 9357
14106 14946 11126 10593
13096 13292 11825 11542
14163 14758 11511 11035
13540 13793 10213 9186
13526 13701 11260 10408
12765 12399 10680 9146
14461 14878 11229 9969
13124 12609 11807 10657
14817 14762 12337 11396
13467 12850 11107 9365
13556 12902 11279 9508
14652 14385 12240 10768
14698 14380 11994 10354
13428 12482 12035 10252
14660 14163 11709 9545
14327 13451 12519 10742
14174 13207 12649 10814
14397 13416 12582 10621
13690 12216 12569 10577
14872 13908 11306 8683
13799 12129 12649 10557
15337 14310 11690 8967
15100 13954 12289 9844
15684 14539 13205 11127
14031 12117 13069 10939
14585 12775 12640 10042
15503 14019 12354 9451
14542 12464 11824 8554
15850 14179 12019 8619
15639 13833 12620 9433
15216 13118 13630 10832
16085 14268 13224 10146
15857 13744 13853 10966
15918 13755 12837 9562
15946 13719 13458 10356
15202 12689 12721 9327
14726 12003 12712 9269
15355 12804 13290 9950
15389 12837 13398 9830
15253 12505 13753 10248
15581 12777 13817 10264
15604 12627 13669 9740
16706 14212 13478 9037
16049 13154 14675 10829
15426 12067 13806 9375
16752 14242 13998 9601
15982 12846 13666 9012
15999 12784 13719 8896
16558 13153 14422 10034
16217 12518 13437 8263
16445 12711 15070 10728
16872 13348 14109 9053
16028 12027 14458 9554
16008 11722 15367 10644
16238 11971 15211 10342
16596 12534 14933 9894
16116 11732 14705 9404
17127 13150 15325 10388
16336 11757 14062 8303
17873 13835 15562 10424
17927 13802 14440 8729
16374 11458 15158 9725
17770 13528 15189 9557
17421 12972 15569 10128
17075 12364 15818 10442
17154 12380 14804 8872
17485 12630 15471 9729
16873 11637 15488 9439
17544 12656 15107 8758
17149 11937 14766 7858
18151 13559 15421 8919
17679 12723 16164 10023
17214 11851 16183 10039
17981 13246 15324 8309
17735 12628 15554 8735
18126 13078 15527 8506
17873 12458 15912 9159
17974 12401 16602 9981
18298 12837 15862 8725
18191 12632 16069 9069
18029 12264 16595 9827
18426 12901 16269 9218
17763 11677 16287 9205
18541 13027 16236 9015
17991 12051 15495 7702
17868 11677 15789 8018
18849 13428 15672 7677
18267 12223 16695 9290
18483 12545 16272 8453
19146 13428 16046 7978
18086 11515 16053 7907
18094 11484 16090 7969
18651 12291 16512 8576
19287 13388 16191 7989
18158 11367 17313 9857
18799 12447 16957 9058
18764 12228 17534 9907
19036 12506 16935 8510
18972 12305 16994 8471
19193 12709 16661 7541
19209 12581 17763 9356
18924 11637 17796 9404
18770 11284 17709 9165
19563 12860 17898 9486
18995 11422 17636 8788
19827 13126 17797 8340
19421 12159 17440 7437
19920 13224 18069 8852
20137 13130 17859 8350
19458 11660 18289 9193
20195 12836 17857 8329
20168 12681 17625 7682
20260 12520 18186 8672
19883 11764 17977 8105
20214 12355 17559 7151
20036 11955 17786 7370
20334 12428 18090 7858
20674 12978 18797 9220
19993 11455 18835 9227
20026 11346 17989 7190
19967 10912 19302 9625
19933 10797 19131 9002
20111 10997 18195 7090
20389 11412 19043 8491
20682 11878 18722 7287
20260 10839 19046 8030
20618 11643 19020 7501
20556 11250 18932 7003
21004 12414 19863 9400
20300 10506 19198 7590
20428 10797 19202 7506
21360 13117 19990 9488
20681 11193 19970 9352
20526 10748 19018 6900
20571 10575 19244 7315
21086 11710 20003 8657
20772 10725 20191 9063
21187 11639 19858 7852
21463 12215 20403 9277
21587 12341 19748 7421
21797 12720 19644 6802
21740 12411 20443 8712
21921 12820 19941 7293
21881 12707 20561 8919
22123 12784 20325 8221
21865 11560 19861 6906
21428 10403 20417 8105
21424 10332 20304 7633
21592 10541 20865 8829
22081 11516 19970 6738
22463 12229 20819 8599
21760 10628 20677 8234
22342 11587 21107 8471
22723 12324 21260 8839
21845 10181 21100 8346
22249 10990 20932 7382
22009 10130 21492 8874
22339 10704 21403 8506
23043 11986 21573 8777
23203 12158 20947 7364
22596 10766 20791 6951
22412 10276 21626 8401
23393 12577 21591 8227
23135 11708 20873 6606
22758 10853 21596 7981
23647 12538 20992 6424
23505 12139 21135 6596
22847 10392 21513 7316
23546 11964 21215 6475
23276 11178 21334 6698
23507 11536 22151 8415
22931 10087 21523 6869
23439 11334 21736 7015
23578 11681 22062 7786
23603 11661 22254 8139
23709 11854 22123 7768
23140 10254 21587 6382
23726 11583 21861 7017
24059 12226 22323 7994
23335 10422 22281 7875
24141 12153 22638 8667
24037 11845 22466 8037
23292 9795 22002 6912
23523 10306 22413 7526
23733 10799 22249 7107
23485 9995 22449 7532
24324 11743 22009 6173
23553 9871 22238 6700
24446 11964 22131 6283
23850 10457 22309 6587
24377 11395 22243 6409
24316 10984 23140 8365
24363 11074 22320 6297
23974 10092 22330 6286
24016 10118 22499 6351
24216 10466 22879 6780
24484 11131 23027 6720
24944 12202 23348 7461
25081 11958 23719 8280
24850 11255 22950 6030
24446 10066 23659 7919
24880 11324 23491 7172
25042 11783 23395 6833
25004 11597 23357 6669
24485 9948 23929 8296
24983 10950 24023 8294
25428 11776 24012 8209
24996 10367 23916 7847
25828 11760 23697 7316
25487 10590 23857 7631
25746 11051 23970 7757
25917 10996 23971 7645
26392 11715 23921 7555
25379 9550 23671 7111
26323 10929 23873 7101
25939 10202 23315 6227
26745 11374 23069 5745
25623 9559 23196 5751
26038 10227 23566 6215
26964 11672 23618 6245
26508 10865 24589 7700
25533 9238 23605 5801
25716 9361 23832 5876
27008 11682 24624 7307
26911 11495 24717 7315
26721 11063 23936 5631
26633 10868 25067 7812
26460 10304 24245 6181
26765 10865 25070 7658
27198 11660 24776 6404
26788 10607 24823 5929
26257 9296 24872 5933
27178 11405 25343 7037
26496 9409 25515 6570
26941 10572 25304 5956
26389 8949 25348 5905
26830 10197 25986 7556
26887 10240 25369 5698
26572 9259 26127 7950
27087 10808 25696 6619
26746 9449 25439 5689
27072 10149 25981 7002
26777 8902 25985 6957
27137 9691 25540 5117
27338 9989 26216 6339
27382 10058 26325 5983
27676 10230 26510 6328
27984 11194 26290 5270
27472 8978 26337 4928
28058 11441 27007 6772
27835 10358 27053 6830
27870 10289 27043 6775
27828 10026 27275 7637
27738 9611 26772 5443
27632 9107 26711 5114
27803 9820 27000 6271
27956 10046 27054 6189
28379 11321 27083 6172
27980 9393 27101 6092
28037 9544 27522 7605
28298 10456 27228 6073
28231 10139 27269 6071
28243 10036 27125 5451
28467 10601 27475 6011
28086 8485 27366 5515
28515 10487 27550 5549
28508 10286 27522 5087
28710 11249 27993 7205
28433 9490 27884 6269
28573 10328 28141 7375
28601 10251 27892 4821
28706 10885 27992 5530
28532 9196 28084 5308
28625 9385 28278 6197
28811 10733 28190 4799
28695 9421 28256 5138
28924 10628 28525 6894
28980 10381 28590 6853
28862 9123 28535 6134
29078 11137 28451 5018
28902 9366 28490 4926
29268 10847 28553 5197
29075 8987 28510 4734
29182 9972 28763 5468
29369 10845 28796 4723
29151 8347 28869 4474
29315 8370 29078 6206
29412 10127 29121 4800
29338 8566 29247 6789
29382 9421 29303 7033
29515 9056 29193 5425
29617 9314 29370 6551
29567 8697 29413 6958
29679 10141 29388 4161
29626 8680 29540 6120
29743 10491 29586 6050
29884 10645 29569 4559
29856 9510 29763 6381
30015 10506 29797 5089
30115 9917 29950 4631
30149 8412 30083 5493
30145 8213 30081 4707
30222 8543 30130 5976
30342 10284 30294 4239
30561 9512 30418 6857
30535 9014 30315 4435
30812 10508 30538 6831
30718 9216 30547 6272
30763 9506 30531 4469
30884 9079 30635 6507
30882 7787 30791 4526
30946 8454 30782 4282
30955 10147 30950 5120
30960 9347 30966 4349
32967 2532 43864 22811
35939 7019 42582 3581
36289 1250 58549 3930
