396 20
24 157 18 16
31634 256 31627 93
170 152 163 8
31451 260 31444 87
341 157 333 17
31292 249 31288 90
503 161 503 4
31148 256 31130 83
663 169 670 8
30994 257 30972 83
830 164 822 20
30825 258 30839 85
996 161 974 7
30652 241 30677 94
1143 161 1157 2
30506 246 30485 88
1297 156 1287 10
30354 258 30325 96
1463 156 1455 8
30195 245 30164 91
1608 159 1637 19
30029 245 30004 92
1795 170 1773 1
29877 249 29860 93
1947 157 1935 20
29716 251 29715 99
2108 152 2098 3
29558 253 29533 97
2262 151 2247 2
29386 250 29365 100
2401 160 2432 18
29218 252 29202 96
2590 158 2568 17
29058 254 29067 86
2747 154 2740 5
28889 252 28893 90
2904 170 2911 9
28749 256 28741 90
3077 154 3059 6
28567 252 28562 96
3220 159 3205 9
28402 251 28434 81
3395 155 3365 15
28268 257 28264 92
3548 156 3540 17
28113 252 28118 89
3716 158 3715 2
27939 256 27950 98
3876 164 3859 9
27784 252 27769 90
4017 155 4004 4
27614 259 27607 81
4185 169 4169 9
27450 258 27478 97
4325 154 4351 4
27291 260 27293 86
4485 161 4506 20
27155 247 27150 83
4663 155 4678 8
26996 245 26989 92
4823 159 4820 4
26827 249 26821 83
4992 161 4966 2
26662 251 26679 86
5121 167 5125 7
26483 246 26509 97
5283 169 5285 18
26343 245 26321 97
5453 170 5460 11
26189 252 26174 92
5602 161 5614 15
26021 244 26040 82
5780 167 5800 14
25854 249 25871 96
5927 157 5925 1
25691 245 25697 83
6097 158 6086 17
25540 259 25528 93
6269 163 6260 10
25377 251 25383 88
6407 152 6434 13
25202 256 25220 100
6562 155 6580 12
25061 248 25066 89
6728 161 6745 19
24881 245 24903 90
6917 152 6911 5
24733 253 24753 91
7066 156 7063 20
24561 243 24579 94
7219 161 7205 11
24410 242 24420 97
7373 166 7395 5
24260 250 24274 97
7531 166 7541 3
24100 245 24114 86
7702 158 7705 14
23922 255 23927 100
7865 153 7843 7
23785 242 23763 89
8009 160 8033 9
23639 259 23637 89
8194 159 8184 14
23454 249 23451 95
8328 157 8329 10
23301 247 23309 98
8490 161 8504 14
23124 258 23134 93
8647 156 8673 17
22976 249 22998 90
8837 151 8815 2
22821 245 22829 88
8971 159 8997 3
22675 258 22660 84
9160 153 9149 4
22501 242 22488 99
9320 162 9296 15
22340 253 22336 88
9465 160 9450 5
22166 250 22184 96
9618 151 9639 12
22030 250 22008 89
9773 166 9784 5
21870 251 21843 81
9942 160 9947 13
21702 243 21681 98
10104 152 10082 10
21551 246 21557 88
10278 165 10251 7
21365 258 21375 89
10406 169 10433 7
21221 247 21207 95
10597 163 10579 10
21067 251 21048 91
10732 151 10752 14
20898 248 20913 87
10895 166 10913 11
20733 260 20731 90
11070 165 11076 2
20581 254 20588 89
11219 157 11211 5
20417 258 20407 81
11370 168 11366 20
20258 259 20266 84
11554 169 11554 18
20090 244 20088 99
11718 165 11712 10
19941 260 19939 99
11866 159 11875 14
19798 242 19774 99
12031 170 12018 20
19610 244 19623 95
12174 158 12192 3
19443 251 19453 92
12338 166 12322 18
19295 252 19308 92
12512 152 12498 1
19135 251 19139 86
12642 167 12677 3
18992 260 18997 85
12819 151 12819 2
18811 243 18813 100
12978 156 12977 5
18657 244 18648 100
13138 155 13140 12
18488 251 18517 81
13299 156 13284 10
18325 252 18326 95
13452 166 13476 15
18190 249 18194 99
13606 153 13623 3
18038 251 18014 95
13767 164 13767 14
17864 255 17855 94
13940 168 13923 16
17689 260 17711 93
14095 168 14107 16
17538 252 17554 84
14254 159 14246 12
17391 259 17378 97
14404 166 14411 19
17211 245 17212 82
14594 156 14590 14
17045 252 17046 91
14749 154 14726 7
16916 260 16910 81
14888 157 14884 18
16757 242 16746 81
15077 166 15051 19
16572 243 16573 97
15220 152 15231 5
16413 248 16435 81
15364 163 15399 11
16264 248 16271 91
15534 165 15540 3
16088 245 16083 96
15713 155 15715 4
15939 247 15921 99
15880 153 15863 4
15762 249 15764 85
16033 153 16035 16
15622 258 15606 88
16172 167 16190 19
15462 244 15454 94
16348 170 16329 7
15318 241 15285 89
16495 169 16512 17
15139 256 15133 92
16670 170 16667 11
14977 245 14990 100
16801 169 16830 14
14802 255 14819 90
16987 158 16988 4
14668 252 14653 83
17122 166 17131 20
14511 255 14511 92
17294 168 17295 2
14322 244 14321 94
17463 152 17448 16
14177 246 14165 83
17613 162 17618 13
14015 242 14027 96
17778 159 17796 20
13843 258 13844 97
17955 168 17950 8
13693 243 13702 87
18084 151 18083 12
13526 247 13526 91
18271 154 18275 17
13397 241 13373 86
18409 170 18406 11
13217 241 13219 84
18578 159 18583 2
13071 256 13049 86
18736 161 18758 14
12889 243 12904 91
18898 168 18908 7
12750 252 12732 90
19071 159 19080 19
12569 251 12594 98
19211 167 19240 13
12412 248 12418 100
19378 157 19393 18
12242 256 12249 99
19545 166 19537 6
12107 249 12115 89
19709 164 19719 18
11956 253 11935 86
19841 156 19878 4
11773 248 11783 82
20014 165 20040 15
11622 260 11626 98
20195 152 20163 13
11462 257 11453 91
20343 153 20360 18
11315 254 11296 87
20492 155 20511 4
11132 253 11158 98
20660 159 20672 1
10988 257 10991 82
20811 163 20826 12
10830 258 10802 84
20992 163 20981 7
10679 248 10645 90
21153 165 21145 16
10520 242 10493 99
21290 167 21291 17
10325 241 10330 95
21466 165 21447 7
10184 260 10170 96
21633 152 21634 11
10010 250 10032 94
21785 166 21789 16
9878 254 9874 99
21950 166 21956 14
9709 257 9681 94
22104 157 22092 19
9558 241 9526 82
22242 161 22244 11
9381 255 9396 85
22403 155 22420 20
9210 245 9230 99
22592 167 22584 20
9054 244 9065 97
22742 166 22747 12
8888 253 8913 90
22903 159 22892 3
8735 248 8759 97
23064 168 23048 13
8574 258 8583 86
23214 168 23217 19
8422 254 8407 95
23381 164 23366 9
8266 251 8270 100
23539 151 23523 5
8120 241 8082 83
23691 151 23687 4
7950 241 7949 84
23859 168 23854 12
7791 241 7786 91
24014 162 24039 11
7622 248 7630 92
24181 154 24176 20
7465 249 7475 87
24330 163 24330 11
7294 251 7314 84
24508 170 24495 10
7140 252 7140 85
24663 161 24647 16
6990 256 6987 82
24812 165 24814 8
6803 248 6814 84
25000 153 24995 5
6645 260 6660 84
25139 164 25153 10
6506 245 6494 100
25295 170 25316 16
6328 254 6350 91
25448 153 25478 3
6170 251 6166 81
25625 162 25638 10
6004 257 6013 82
25763 156 25764 20
5842 249 5859 88
25941 156 25923 8
5700 252 5710 87
26114 157 26109 15
5557 247 5548 93
26258 155 26242 1
5361 247 5395 95
26404 168 26414 5
5238 253 5212 98
26590 156 26597 9
5070 246 5076 83
26732 166 26730 20
4882 257 4893 92
26901 156 26904 13
4732 250 4728 87
27079 163 27051 17
4565 254 4574 87
27220 161 27235 9
4436 242 4423 100
27398 154 27399 11
4260 243 4274 92
27529 168 27525 12
4107 244 4099 86
27696 151 27702 13
3947 255 3959 86
27877 163 27846 13
3767 260 3792 84
28004 152 28026 3
3617 260 3615 85
28197 161 28188 15
3454 258 3480 81
28331 163 28353 17
3320 251 3314 96
28496 169 28508 2
3138 251 3137 81
28665 152 28644 1
2973 250 2977 81
28820 154 28816 5
2834 247 2805 84
28972 160 28992 11
2660 245 2646 87
29143 156 29160 12
2508 248 2485 92
29282 170 29292 14
2329 248 2335 100
29464 152 29444 9
2188 260 2164 99
29629 165 29601 1
2019 247 2019 93
29784 169 29776 11
1866 260 1863 87
29939 156 29953 19
1694 247 1718 89
30108 163 30117 7
1553 260 1558 81
30274 168 30253 4
1396 252 1388 99
30410 165 30422 7
1215 244 1206 85
30589 168 30564 14
1076 241 1062 95
30746 168 30741 18
889 250 910 94
30920 165 30917 15
746 256 726 87
31051 157 31053 17
590 250 593 90
31207 166 31236 14
429 257 408 94
31387 151 31383 7
270 244 261 89
31558 167 31536 3
105 241 81 87
